91
-4.37114e-08 -0 1 -4.37114e-08 -0 1 0 0
-3.78552e-08 -2.18557e-08 1 -3.78552e-08 -2.18557e-08 1 0.0833333 0
-2.18557e-08 -3.78552e-08 1 -2.18557e-08 -3.78552e-08 1 0.166667 0
1.91069e-15 -4.37114e-08 1 1.91069e-15 -4.37114e-08 1 0.25 0
2.18557e-08 -3.78552e-08 1 2.18557e-08 -3.78552e-08 1 0.333333 0
3.78552e-08 -2.18557e-08 1 3.78552e-08 -2.18557e-08 1 0.416667 0
4.37114e-08 3.82137e-15 1 4.37114e-08 3.82137e-15 1 0.5 0
3.78552e-08 2.18557e-08 1 3.78552e-08 2.18557e-08 1 0.583333 0
2.18557e-08 3.78552e-08 1 2.18557e-08 3.78552e-08 1 0.666667 0
-5.21253e-16 4.37114e-08 1 -5.21253e-16 4.37114e-08 1 0.75 0
-2.18557e-08 3.78552e-08 1 -2.18557e-08 3.78552e-08 1 0.833333 0
-3.78552e-08 2.18557e-08 1 -3.78552e-08 2.18557e-08 1 0.916667 0
-4.37114e-08 -7.64274e-15 1 -4.37114e-08 -7.64274e-15 1 1 0
0.5 0 0.866025 0.5 0 0.866025 0 0.166667
0.433013 0.25 0.866025 0.433013 0.25 0.866025 0.0833333 0.166667
0.25 0.433013 0.866025 0.25 0.433013 0.866025 0.166667 0.166667
-2.18557e-08 0.5 0.866025 -2.18557e-08 0.5 0.866025 0.25 0.166667
-0.25 0.433013 0.866025 -0.25 0.433013 0.866025 0.333333 0.166667
-0.433013 0.25 0.866025 -0.433013 0.25 0.866025 0.416667 0.166667
-0.5 -4.37114e-08 0.866025 -0.5 -4.37114e-08 0.866025 0.5 0.166667
-0.433013 -0.25 0.866025 -0.433013 -0.25 0.866025 0.583333 0.166667
-0.25 -0.433013 0.866025 -0.25 -0.433013 0.866025 0.666667 0.166667
5.96244e-09 -0.5 0.866025 5.96244e-09 -0.5 0.866025 0.75 0.166667
0.25 -0.433013 0.866025 0.25 -0.433013 0.866025 0.833333 0.166667
0.433013 -0.25 0.866025 0.433013 -0.25 0.866025 0.916667 0.166667
0.5 8.74228e-08 0.866025 0.5 8.74228e-08 0.866025 1 0.166667
0.866025 0 0.5 0.866025 0 0.5 0 0.333333
0.75 0.433013 0.5 0.75 0.433013 0.5 0.0833333 0.333333
0.433013 0.75 0.5 0.433013 0.75 0.5 0.166667 0.333333
-3.78552e-08 0.866025 0.5 -3.78552e-08 0.866025 0.5 0.25 0.333333
-0.433013 0.75 0.5 -0.433013 0.75 0.5 0.333333 0.333333
-0.75 0.433013 0.5 -0.75 0.433013 0.5 0.416667 0.333333
-0.866025 -7.57103e-08 0.5 -0.866025 -7.57103e-08 0.5 0.5 0.333333
-0.75 -0.433013 0.5 -0.75 -0.433013 0.5 0.583333 0.333333
-0.433013 -0.75 0.5 -0.433013 -0.75 0.5 0.666667 0.333333
1.03272e-08 -0.866025 0.5 1.03272e-08 -0.866025 0.5 0.75 0.333333
0.433013 -0.75 0.5 0.433013 -0.75 0.5 0.833333 0.333333
0.75 -0.433012 0.5 0.75 -0.433012 0.5 0.916667 0.333333
0.866025 1.51421e-07 0.5 0.866025 1.51421e-07 0.5 1 0.333333
1 0 0 1 0 0 0 0.5
0.866025 0.5 0 0.866025 0.5 0 0.0833333 0.5
0.5 0.866025 0 0.5 0.866025 0 0.166667 0.5
-4.37114e-08 1 0 -4.37114e-08 1 0 0.25 0.5
-0.5 0.866025 0 -0.5 0.866025 0 0.333333 0.5
-0.866026 0.5 0 -0.866026 0.5 0 0.416667 0.5
-1 -8.74228e-08 0 -1 -8.74228e-08 0 0.5 0.5
-0.866025 -0.5 0 -0.866025 -0.5 0 0.583333 0.5
-0.5 -0.866025 0 -0.5 -0.866025 0 0.666667 0.5
1.19249e-08 -1 0 1.19249e-08 -1 0 0.75 0.5
0.5 -0.866025 0 0.5 -0.866025 0 0.833333 0.5
0.866026 -0.5 0 0.866026 -0.5 0 0.916667 0.5
1 1.74846e-07 0 1 1.74846e-07 0 1 0.5
0.866025 0 -0.5 0.866025 0 -0.5 0 0.666667
0.75 0.433013 -0.5 0.75 0.433013 -0.5 0.0833333 0.666667
0.433013 0.75 -0.5 0.433013 0.75 -0.5 0.166667 0.666667
-3.78552e-08 0.866025 -0.5 -3.78552e-08 0.866025 -0.5 0.25 0.666667
-0.433013 0.75 -0.5 -0.433013 0.75 -0.5 0.333333 0.666667
-0.75 0.433013 -0.5 -0.75 0.433013 -0.5 0.416667 0.666667
-0.866025 -7.57103e-08 -0.5 -0.866025 -7.57103e-08 -0.5 0.5 0.666667
-0.75 -0.433013 -0.5 -0.75 -0.433013 -0.5 0.583333 0.666667
-0.433013 -0.75 -0.5 -0.433013 -0.75 -0.5 0.666667 0.666667
1.03272e-08 -0.866025 -0.5 1.03272e-08 -0.866025 -0.5 0.75 0.666667
0.433013 -0.75 -0.5 0.433013 -0.75 -0.5 0.833333 0.666667
0.75 -0.433012 -0.5 0.75 -0.433012 -0.5 0.916667 0.666667
0.866025 1.51421e-07 -0.5 0.866025 1.51421e-07 -0.5 1 0.666667
0.5 0 -0.866026 0.5 0 -0.866026 0 0.833333
0.433013 0.25 -0.866026 0.433013 0.25 -0.866026 0.0833333 0.833333
0.25 0.433013 -0.866026 0.25 0.433013 -0.866026 0.166667 0.833333
-2.18557e-08 0.5 -0.866026 -2.18557e-08 0.5 -0.866026 0.25 0.833333
-0.25 0.433013 -0.866026 -0.25 0.433013 -0.866026 0.333333 0.833333
-0.433013 0.25 -0.866026 -0.433013 0.25 -0.866026 0.416667 0.833333
-0.5 -4.37114e-08 -0.866026 -0.5 -4.37114e-08 -0.866026 0.5 0.833333
-0.433013 -0.25 -0.866026 -0.433013 -0.25 -0.866026 0.583333 0.833333
-0.25 -0.433013 -0.866026 -0.25 -0.433013 -0.866026 0.666667 0.833333
5.96244e-09 -0.5 -0.866026 5.96244e-09 -0.5 -0.866026 0.75 0.833333
0.25 -0.433013 -0.866026 0.25 -0.433013 -0.866026 0.833333 0.833333
0.433013 -0.25 -0.866026 0.433013 -0.25 -0.866026 0.916667 0.833333
0.5 8.74228e-08 -0.866026 0.5 8.74228e-08 -0.866026 1 0.833333
-4.37114e-08 -0 -1 -4.37114e-08 -0 -1 0 1
-3.78552e-08 -2.18557e-08 -1 -3.78552e-08 -2.18557e-08 -1 0.0833333 1
-2.18557e-08 -3.78552e-08 -1 -2.18557e-08 -3.78552e-08 -1 0.166667 1
1.91069e-15 -4.37114e-08 -1 1.91069e-15 -4.37114e-08 -1 0.25 1
2.18557e-08 -3.78552e-08 -1 2.18557e-08 -3.78552e-08 -1 0.333333 1
3.78552e-08 -2.18557e-08 -1 3.78552e-08 -2.18557e-08 -1 0.416667 1
4.37114e-08 3.82137e-15 -1 4.37114e-08 3.82137e-15 -1 0.5 1
3.78552e-08 2.18557e-08 -1 3.78552e-08 2.18557e-08 -1 0.583333 1
2.18557e-08 3.78552e-08 -1 2.18557e-08 3.78552e-08 -1 0.666667 1
-5.21253e-16 4.37114e-08 -1 -5.21253e-16 4.37114e-08 -1 0.75 1
-2.18557e-08 3.78552e-08 -1 -2.18557e-08 3.78552e-08 -1 0.833333 1
-3.78552e-08 2.18557e-08 -1 -3.78552e-08 2.18557e-08 -1 0.916667 1
-4.37114e-08 -7.64274e-15 -1 -4.37114e-08 -7.64274e-15 -1 1 1
432
0
13
1
13
14
1
1
14
2
14
15
2
2
15
3
15
16
3
3
16
4
16
17
4
4
17
5
17
18
5
5
18
6
18
19
6
6
19
7
19
20
7
7
20
8
20
21
8
8
21
9
21
22
9
9
22
10
22
23
10
10
23
11
23
24
11
11
24
12
24
25
12
13
26
14
26
27
14
14
27
15
27
28
15
15
28
16
28
29
16
16
29
17
29
30
17
17
30
18
30
31
18
18
31
19
31
32
19
19
32
20
32
33
20
20
33
21
33
34
21
21
34
22
34
35
22
22
35
23
35
36
23
23
36
24
36
37
24
24
37
25
37
38
25
26
39
27
39
40
27
27
40
28
40
41
28
28
41
29
41
42
29
29
42
30
42
43
30
30
43
31
43
44
31
31
44
32
44
45
32
32
45
33
45
46
33
33
46
34
46
47
34
34
47
35
47
48
35
35
48
36
48
49
36
36
49
37
49
50
37
37
50
38
50
51
38
39
52
40
52
53
40
40
53
41
53
54
41
41
54
42
54
55
42
42
55
43
55
56
43
43
56
44
56
57
44
44
57
45
57
58
45
45
58
46
58
59
46
46
59
47
59
60
47
47
60
48
60
61
48
48
61
49
61
62
49
49
62
50
62
63
50
50
63
51
63
64
51
52
65
53
65
66
53
53
66
54
66
67
54
54
67
55
67
68
55
55
68
56
68
69
56
56
69
57
69
70
57
57
70
58
70
71
58
58
71
59
71
72
59
59
72
60
72
73
60
60
73
61
73
74
61
61
74
62
74
75
62
62
75
63
75
76
63
63
76
64
76
77
64
65
78
66
78
79
66
66
79
67
79
80
67
67
80
68
80
81
68
68
81
69
81
82
69
69
82
70
82
83
70
70
83
71
83
84
71
71
84
72
84
85
72
72
85
73
85
86
73
73
86
74
86
87
74
74
87
75
87
88
75
75
88
76
88
89
76
76
89
77
89
90
77
